1 255
1 255
1 255
1 255
1 255
1 255
1 255
1 255
1 255
1 255
1 255
1 255
1 42
0 64
1 64
0 64
1 64
0 64
1 64
0 64
1 64
0 64
1 64
0 64
1 64
0 64
1 64
0 64
1 64
0 64
1 64
0 64
1 64
0 64
1 64
0 64
1 64
0 64
1 64
0 64
1 64
0 64
1 64
0 64
1 64
0 64
1 64
0 64
1 64
0 64
1 64
0 64
1 64
0 64
1 64
0 64
1 64
0 64
1 64
0 64
1 64
0 64
1 64
0 64
1 64
0 64
1 64
0 64
1 64
0 64
1 64
0 64
1 64
0 64
1 64
0 64
1 64
0 64
1 64
0 64
1 64
0 64
1 64
0 64
1 64
0 64
1 64
0 64
1 64
0 64
1 64
0 64
1 64
0 64
1 64
0 64
1 64
0 64
1 64
0 64
1 64
0 64
1 64
0 64
1 64
0 64
1 64
0 64
1 64
0 64
1 64
0 64
1 64
0 64
1 64
0 64
1 64
0 64
1 64
0 64
1 64
0 64
1 64
0 64
1 64
0 64
1 64
0 64
1 64
0 64
1 64
0 64
1 64
0 64
1 64
0 64
1 64
0 64
1 64
0 64
1 64
0 64
1 64
0 64
1 64
0 64
1 64
0 64
1 64
0 64
1 255
1 255
1 255
1 255
1 255
1 255
1 255
1 255
1 255
1 255
1 255
1 255
1 255
1 255
1 255
1 255
1 255
1 179
